25572 67106 12365 14006 12692
28511 25251 43067 5541 29701
71659 39675 84462 34480 12970
57772 29550 88093 14178 32809
23050 29806 12127 39932 34301
71469 21746 102120 62726 31068
11430 108314 8991 17585 39620
6541 139127 38490 6451 50503
16614 83186 30472 7515 36047
40129 175349 60357 39324 84919
9153 46619 32746 247294 44163
15395 58559 55062 13324 19401
30683 47046 26970 10026 13510
95499 27993 33064 56305 223662
38512 105163 96169 449385 68873
29491 117915 43925 11805 26470
1677 72171 10398 60279 26016
25625 36857 50531 44083 23747
12592 35683 37896 99600 31976
22781 255039 36366 23950 122964
80105 283694 16044 85824 11153
124536 152186 38640 62727 111149
121469 9069 26620 44837 188787
53471 22939 17196 21512 15680
46441 103113 25102 59134 29606
9589 16131 8273 20341 21921
215000 14855 20361 17643 26376
72018 84837 58721 40520 21982
37587 165634 47853 25809 14748
40476 27342 29740 51197 64420
69141 37635 74438 111105 20789
26570 16620 3522 50447 29667
11275 19518 24194 15609 9049
39217 71287 43122 30857 40296
176919 34843 36380 37677 50143
14710 32063 59204 14010 40139
13671 64689 12780 14433 8956
32800 22822 32778 101159 34593
57653 35451 6230 27164 26151
22450 58795 16793 36832 29951
