0.05961 0.06396 0.06387 0.06528 0.06628
0.06774 0.06852 0.06931 0.06887 0.06856
0.06942 0.06854 0.06929 0.07049 0.06957
0.06962 0.07045 0.06962 0.06953 0.0697
0.06973 0.07017 0.0699 0.07039 0.07041
0.07025 0.06989 0.06951 0.07025 0.07004
0.07025 0.06973 0.07043 0.0704 0.07027
0.07021 0.07013 0.06993 0.06991 0.07064
0.0711 0.0705 0.07097 0.07097 0.07149
0.07094 0.07132 0.07147 0.07097 0.07115
0.07086 0.07118 0.07106 0.07125 0.07117
0.0708 0.0714 0.07126 0.07066 0.07222
0.0716 0.07168 0.07228 0.07153 0.07157
0.07205 0.07245 0.07195 0.07177 0.07173
0.07186 0.07216 0.07245 0.07182 0.07195
0.07206 0.07215 0.07159 0.07247 0.07202
0.07167 0.07235 0.07247 0.0721 0.07193
0.07238 0.07229 0.07212 0.07242 0.07189
0.07181 0.07335 0.07267 0.07329 0.0733
0.0729 0.07326 0.07266 0.07294 0.07261
0.07336 0.07264 0.07438 0.07443 0.0741
0.07449 0.0743 0.07442 0.07387 0.07403
0.07399 0.07387 0.07502 0.0747 0.07502
0.07493 0.07536 0.07523 0.0746 0.07483
0.07497 0.07452 0.07456 0.07474 0.07484
0.07484 0.07532 0.07473 0.07477 0.07471
0.07459 0.07469 0.0765 0.07619 0.07626
0.07649 0.07632 0.07582 0.0756 0.07587
0.07557 0.07591 0.07594 0.07596 0.07596
0.07628 0.07646 0.07613 0.07647 0.07609
0.07701 0.07693 0.07738 0.07733 0.07746
0.07736 0.07651 0.07709 0.07727 0.07651
0.07711 0.07758 0.07832 0.07782 0.0784
0.07814 0.07848 0.07846 0.078 0.07826
0.07779 0.07782 0.07774 0.07774 0.07839
0.07841 0.07751 0.07825 0.07751 0.07774
0.07846 0.07825 0.07819 0.07806 0.07919
0.07947 0.07889 0.07935 0.07893 0.07934
0.07901 0.07892 0.07921 0.07925 0.07944
0.07874 0.07938 0.07884 0.0792 0.07887
0.07929 0.07943 0.07924 0.07859 0.07886
0.0786 0.07934 0.07912 0.07865 0.07911
0.07947 0.07932 0.07876 0.07874 0.07949
0.07944 0.07916 0.07937 0.07886 0.079
0.0793 0.07915 0.07866 0.07888 0.07861
0.07892 0.0802 0.08002 0.07963 0.08017
0.08007 0.07979 0.07986 0.0801 0.07999
0.0803 0.08023 0.07982 0.08025 0.07972
0.07976 0.0799 0.08048 0.07965 0.07992
0.07958 0.07988 0.07995 0.08041 0.08036
0.08017 0.07985 0.07951 0.07991 0.07989
0.07992 0.08042 0.07959 0.08032 0.0795
0.08024 0.0802 0.08044 0.08062 0.08076
0.08136 0.08135 0.08107 0.08071 0.08121
0.0807 0.08107 0.08059 0.08088 0.08064
0.0806 0.08056 0.08142 0.08242 0.08234
0.08155 0.08204 0.08153 0.08237 0.08167
0.08218 0.08218 0.08152 0.08192 0.0817
0.0824 0.08203 0.08238 0.0819 0.08233
0.08175 0.08268 0.08348 0.08262 0.08312
0.08307 0.08331 0.08295 0.08444 0.08399
0.08413 0.08532 0.08485 0.08562 0.08592
0.08651 0.08763 0.08808 0.08878 0.08918
0.08944 0.08935 0.08909 0.08855 0.08919
0.08932 0.08894 0.08906 0.08985 0.09036
0.0895 0.09008 0.08966 0.08981 0.09034
0.08969 0.08979 0.09088 0.09072 0.09085
0.09175 0.09225 0.09157 0.09154 0.09158
0.09277 0.09263 0.09331 0.09326 0.09306
0.09273 0.09407 0.0943 0.09436 0.09516
0.09519 0.09634 0.09567 0.09561 0.09701
0.09701 0.0969 0.09716 0.09749 0.09715
0.09699 0.09849 0.0981 0.098 0.09821
0.09843 0.09864 0.09943 0.09887 0.09895
0.09879 0.09922 0.09977 0.10022 0.09999
0.10009 0.09957 0.1002 0.09969 0.09971
0.09988 0.10034 0.10005 0.09984 0.09953
0.10011 0.09973 0.10138 0.10116 0.10139
0.10063 0.10067 0.10098 0.10071 0.10096
0.10133 0.10227 0.10164 0.1025 0.1018
0.1024 0.10164 0.10182 0.10248 0.1027
0.10321 0.10253 0.10255 0.1027 0.10334
0.10346 0.10413 0.104 0.10532 0.10541
0.10522 0.10451 0.10501 0.10587 0.10578
0.10574 0.1056 0.10732 0.10724 0.10724
0.10803 0.10759 0.10797 0.10821 0.10795
0.10824 0.10792 0.10912 0.10885 0.10907
0.10948 0.10924 0.10938 0.10852 0.1098
0.11022 0.11024 0.1102 0.10999 0.11046
0.10996 0.11049 0.1101 0.11032 0.11002
0.11094 0.1114 0.11059 0.11082 0.11238
0.11175 0.11209 0.11238 0.11247 0.11381
0.11364 0.11353 0.11514 0.11515 0.11522
0.11675 0.11871 0.11913 0.11942 0.11875
0.11973 0.1197 0.11961 0.12051 0.12178
0.12189 0.12263 0.12267 0.12496 0.1252
0.12782 0.12943 0.129 0.12926 0.12986
0.13054
