-1.22 -1.619 -1.212 -0.754 0.274
0.961 0.05 0.532 1.035 -1.096
-0.39 0.766 -0.983 -1.103 3.395
0.131 0.17 0.554 1.531 1.281
0.249 -1.681 0.379 0.79 0.558
0.494 -0.201 -0.195 -2.916 -0.016
-1.713 -1.682 -1.041 0.179 -0.605
1.073 -0.461 -1.047 0.841 1.383
0.17 -1.382 1.23 -1.045 0.603
-0.216 1.466 -0.243 0.479 0.058
0.882 1.275 0.421 -0.604 -1.063
-0.279 0.493 -0.899 -0.028 1.749
0.143 -1.277 0.125 1.551 0.551
0.352 0.663 0.315 0.103 0.719
-0.223 -0.046 0.024 0.857 -0.162
-0.752 -0.8 -1.153 -0.545 -0.571
0.966 1.022 -1.309 -1.295 0.179
0.185 -0.707 1.334 -0.444 -1.355
-1.738 -0.659 -0.043 -0.294 -2.281
-0.577 0.565 0.341 -0.419 -0.179
0.821 -0.123 0.651 0.373 0.613
0.709 -0.162 -1.089 -0.023 0.332
-0.557 0.364 -0.042 0.783 4.217
-1.726 -0.068 0.238 -1.132 1.779
1.43 0.09 1.741 0.815 0.156
-0.395 -0.033 -0.334 -1.31 0.407
0.212 -1.012 0.667 -0.366 -0.11
1.471 -0.148 0.684 0.478 -0.18
0.108 -1.372 -0.291 -1.209 -0.607
-1.097 -1.273 -2.003 -0.919 -1.011
0.862 -0.318 0.241 -0.088 -0.344
0.96 -1.07 0.094 0.916 -0.395
-1.019 0.839 -0.454 0.075 0.062
0.51 1.296 -0.084 0.212 -0.292
-0.031 0.631 0.583 1.043 0.676
0.583 0.812 -0.1 -0.21 -0.605
-0.346 -0.711 0.532 0.63 0.421
-0.921 -0.883 2.686 -0.24 1.117
2.023 0.949 -0.609 0.058 1.039
-0.562 0.326 0.039 -0.391 -0.696
-0.341 0.814 -0.675 -1.115 -0.725
1.053 0.921 -1.052 1.763 -0.517
-1.515 -0.302 0.997 0.918 0.412
-0.211 0.846 -0.395 0.147 2.995
-0.496 0.693 0.111 -0.562 1.252
-0.088 -1.875 0.42 -1.677 -0.122
-1.913 0.321 2.006 -0.2 1.644
0.379 1.422 0.159 0.884 0.319
1.77 0.279 0.579 1.373 0.759
-0.661 1.387 2.241 -0.368 -0.044
0.258 -0.667 0.272 1.097 0.21
-0.335 -0.947 -0.966 2.027 0.06
-0.728 -1.124 0.257 1.241 1.05
-0.653 0.529 0.943 -0.254 -0.264
-0.889 -1.078 0.115 0.007 -0.614
-0.014 0.484 0.354 0.58 1.886
0.092 0.354 0.999 2.328 0.03
-1.68 -1.669 -0.571 0.233 0.459
-0.881 0.627 0.03 0.34 -0.148
-0.063 -0.367 0.391 0.232 -0.384
0.901 -0.485 0.676 -0.406 0.173
-0.594 1.117 -1.799 -0.574 -0.179
-0.762 -0.9 0.282 -0.673 0.025
0.529 0.309 -2.448 -0.994 0.231
-0.038 -0.815 -0.795 1.349 0.061
0.622 1.026 -0.882 -0.908 0.604
1.272 1.499 -1.165 1.627 -0.902
0.322 -0.255 -0.113 0.445 -0.813
4.324 0.548 0.337 0.311 0.626
0.97 -0.009 0.689 2.188 0.22
-0.873 0.293 0.385 -0.396 -2.335
-0.579 -0.156 0.752 -0.443 -0.833
1.626 -0.04 -1.297 -0.13 0.198
-1.513 0.094 0.435 -1.005 1.76
0.044 1.086 -1.467 -0.701 1.785
0.959 0.078 -0.396 0.353 0.41
1.236 -0.253 1.773 -1.885 -0.014
0.571 0.204 -0.29 0.168 -2.031
-2.549 -0.422 1.005 -0.718 -0.719
-0.434 -1.055 1.058 -0.65 0.65
-0.378 0.165 -0.36 -0.355 0.368
-0.105 0.349 1.349 -1.232 -1.559
-1.638 0.264 -0.369 2.117 0.752
-0.029 0.058 -0.782 0.469 -0.804
0.421 -0.097 0.603 -0.486 1.284
-0.256 0.043 0.835 -0.097 -0.861
0.052 -0.777 -0.289 0.477 0.68
0.113 -0.181 -0.076 0.709 2.516
0.815 -1.04 0.115 -0.61 0.679
0.139 -0.188 -0.728 -0.452 -1.72
-0.366 1.463 -1.652 2.029 -0.951
3.119 1.475 -0.313 -0.412 -0.978
0.358 0.738 -1.625 0.063 -1.765
-0.335 0.812 1.754 0.253 -0.374
0.685 -0.784 1.644 0.054 -2.292
-0.746 0.957 -0.493 -0.534 -0.375
0.356 -0.495 0.158 -0.781 1.302
0.395 -0.277 1.343 0.459 0.29
-0.749 -0.733 0.359 -0.061 0.6
0.277 0.632 0.745 -0.785 -0.831
-0.87 -0.923 -0.966 -0.004 1.549
-0.442 -0.065 1.144 -3.099 -0.55
0.785 -4.536 -1.445 -2.051 -1.584
-0.515 0.887 -3.136 -0.967 -1.589
-0.293 0.257 1.235 0.984 0.546
1.488 -0.496 -1.922 -1.069 -0.407
1.112 -0.501 1.095 -0.852 -1.535
0.289 1.245 0.529 -0.166 -0.657
1.071 0.623 -0.024 -1.404 0.19
-1.043 -1.348 -2.555 -1.441 0.48
-0.418 1.027 0.66 -0.782 -1.148
1.087 -1.167 0.392 0.173 -0.217
0.91 -0.602 0.034 1.586 -0.01
0.059 0.029 -0.422 -0.535 -1.305
-1.073 -0.654 -0.092 -1.068 -1.373
-0.553 0.555 0.978 0.066 -0.522
0.631 0.258 0.051 -0.13 -0.915
0.1 0.481 0.757 1.393 1.385
-0.126 0.109 0.424 -1.044 -0.69
-0.564 -1.589 0.172 -0.751 -0.571
-0.023 -1.346 -0.404 0.324 -2.083
-0.009 0.574 0.647 -0.338 0.645
0.098 -0.516 -0.636 -0.223 0.569
-0.628 0.114 0.182 1.761 0.869
-0.623 -1.231 -0.742 0.162 0.458
1.119 0.37 -0.893 0.596 -0.261
-1.773 -0.053 2.265 -0.841 -0.634
0.414 0.208 -0.332 -0.019 0.537
-1.326 -0.237 0.134 1.193 0.486
-0.227 2.144 0.113 -0.81 -0.792
-1.666 -0.495 1.417 0.622 0.219
-0.224 -0.514 -1.27 0.38 2.021
0.219 0.151 -0.515 -1.243 -0.442
-0.367 0.841 0.752 0.134 0.164
1.29 -1.552 0.292 -1.099 -0.289
0.947 -2.031 0.655 -0.44 1.565
-0.511 1.619 -1.881 -0.577 0.248
1.013 -0.104 0.206 -0.566 0.454
0.792 -0.508 -0.281 0.192 0.199
1.174 0.81 0.011 0.438 -1.849
0.17 -0.238 0.88 1.163 1.015
-1.577 0.092 1.251 -0.828 -0.009
1.422 -1.303 -0.381 -0.01 0.279
-1.711 -0.298 -1.478 0.313 1.167
-1.301 -0.814 0.641 -1.537 -1.53
0.122 0.778 0.377 -1.627 -0.137
0.993 -0.002 -0.38 -0.951 -1.114
2.062 0.8 0.391 0.64 2.498
-0.597 0.192 -0.547 -0.399 -0.389
0.381 1.004 0.488 0.156 0.763
0.077 -0.112 -2.75 -1.093 -2.082
1.474 -0.187 -0.574 0.913 -1.317
0.3 2.053 1.011 -0.472 -0.805
0.773 2.281 -0.252 -0.799 2.191
-0.863 0.349 -0.502 3.786 0.339
-0.873 2.19 -0.235 -0.339 1.578
-0.222 -0.16 -0.072 0.097 0.35
-0.668 1.468 -0.431 0.963 -0.143
-0.643 -0.67 0.958 -0.582 -0.081
0.098 0.724 0.615 0.525 1.214
1.824 2.161 -0.678 0.065 -1.175
-0.266 1.674 -0.771 0.195 -0.057
-0.002 1.583 -1.204 1.287 1.643
-0.911 -1.262 -0.597 -0.844 -0.315
-0.499 -0.149 -0.212 -1.14 -0.473
-0.564 -0.704 -0.046 -0.804 0.113
-0.437 -0.138 -0.384 -0.561 0.802
0.078 1.122 -0.118 -1.013 1.724
-1.465 -0.045 0.83 -1.131 -0.179
-0.05 1.063 -0.12 -1.859 0.104
0.66 -0.219 0.211 -0.098 -1.771
0.089 0.238 0.601 -0.013 0.563
1.31 -0.174 0.013 -1.275 2.736
1.509 0.698 1.074 1.674 -0.116
-0.72 -1.393 0.203 0.928 -0.949
0.411 -1.327 -1.389 -1.237 0.32
0.981 0.332 0.983 -2.41 -0.239
0.581 -0.891 -0.476 0.747 2.208
0.908 1.019 1.153 0.279 -0.063
1.6 -0.307 -1.71 2.001 0.598
-0.276 -1.333 0.806 0.242 -0.595
-2.063 -0.592 1.936 -0.315 0.784
0.652 0.866 -0.072 -0.248 -0.145
-0.019 0.327 1.306 1.914 -0.353
0.122 -1.62 1.582 -1.232 0.385
1.025 -1.203 -1.219 -0.543 1.376
-0.496 -1.027 -2.251 -0.498 0.448
2.889 0.96 1.182 -0.34 -0.504
-0.552 1.033 -0.606 -0.85 -1.156
0.174 0.748 0.894 -0.963 0.138
-0.902 1.168 0.653 0.113 -0.561
-0.627 -1.463 1.345 -0.195 0.454
0.485 1.769 -0.589 1.462 -0.44
-1.259 -1.518 -1.128 1.909 -1.064
1.645 -0.734 -2.429 -0.22 0.187
0.66 -1.299 -1.084 -0.854 0.662
-2.614 -1.431 0.421 -0.319 -0.674
-0.056 -0.272 1.134 0.832 -0.485
-1.796 0.726 -2.018 -0.05 0.325
-0.334 -1.737 0.243 0.66 0.005

#Q1-b

var_mini<-function(x){
  var<-(x*(1-x))/((2*dnorm(qnorm((x+1)/2))*qnorm((x+1)/2))^2)
}
optimize(var_mini,c(0,1))


#Q1-d
halfnormal <- function(x,tau=0.5,ylim) {
  sigma <- quantile(abs(x),probs=tau)/sqrt(qchisq(tau,1))
  n <- length(x)
  pp <- ppoints(n)
  qq <- sqrt(qchisq(pp,df=1))
  # upper envelope
  upper <- sigma*(qq + 3*sqrt(pp*(1-pp))/(2*sqrt(n)*dnorm(qq)))
  # lower envelope
  lower <- sigma*(qq - 3*sqrt(pp*(1-pp))/(2*sqrt(n)*dnorm(qq)))
  # add upper and lower envelopes to plot
  if (missing(ylim)) ylim <- c(0,max(c(upper,abs(x))))
  plot(qq,sort(abs(x)),
       xlab="Half Normal quantiles",
       ylab="ordered data",pch=20,ylim=ylim)
  lines(qq,lower,lty=3,lwd=3,col="red")
  lines(qq,upper,lty=3,lwd=3,col="red")
  abline(a=0,b=sigma,lwd=3)}


x<-scan("data.txt")
halfnormal(x)


#Q2-c
kevlar <- scan("kevlar.txt",skip=1)
kevlar <- sort(kevlar)
n <- length(kevlar)
d <- c(n:1)*c(kevlar[1],diff(kevlar))
plot(c(1:n)/n, cumsum(d)/sum(kevlar),xlab="t", ylab="TTT",pch=20)
abline(0,1) 
# add 45 degree line to plot

# From Andrews & Herzberg

0.0251
0.0886
0.0891
0.2501
0.3113
0.3451
0.4763
0.5650
0.5671
0.6566
0.6748
0.6751
0.6753
0.7696
0.8375
0.8391
0.8425
0.8645
0.8851
0.9113
0.9120
0.9836
1.0483
1.0596
1.0773
1.1733
1.2570
1.2766
1.2985
1.3211
1.3503
1.3551
1.4595
1.4880
1.5728
1.5733
1.7083
1.7263
1.7460
1.7630
1.7746
1.8275
1.8375
1.8503
1.8808
1.8878
1.8881
1.9316
1.9558
2.0048
2.0408
2.0903
2.1093
2.1330
2.2100
2.2460
2.2878
2.3203
2.3470
2.3513
2.4951
2.5260
2.9911
3.0256
3.2678
3.4045
3.4846
3.7433
3.7455
3.9143
4.8073
5.4005
5.4435
5.5295
6.5541
9.0960
