413 14 58 37 100
65 9 169 447 184
36 201 118 34 31
18 18 67 57 62
7 22 34 90 74
55 23 97 359 10
57 320 261 51 44
9 60 48 56 87
11 102 12 186 29
104 7 4 72 270
61 502 220 120 141
22 603 49 12 239
14 18 39 3 14
70 47 62 142 3
104 24 21 246 47
68 15 2 56 29
176 225 77 197 438
20 386 182 71 80
188 79 59 33 246
1 79 84 27 21
16 88 44 15 42
106 46 59 153 104
20 206 5 29 26
35 5 82 5 118
326 12 54 36 25
120 31 22 156 11
216 139 310 3 46
210 76 14 111 97
26 71 39 30 44
11 63 23 23 14
18 13 62 11 191
14 16 18 90 163
208 1 24 70 16
101 52 208 95 50
130 487 18 100 7
98 5 85 91 43
230 3 130 102 209
14 57 54 32 67
59 134 152 27 14
230 66 61 34
